type      = 0 # LINEAR_VOX_TO_VOX
nxforms   = 1
mean      = 127.0000 117.0000 99.0000
sigma     = 10000.0000
1 4 4
9.984272122383118e-01 -4.454085603356361e-02 3.404384106397629e-02 1.491966247558594e+00 
4.338444396853447e-02 9.984802007675171e-01 3.398424014449120e-02 -2.412408447265625e+01 
-3.550579398870468e-02 -3.245382010936737e-02 9.988422393798828e-01 -2.135360717773438e+01 
0.000000000000000e+00 0.000000000000000e+00 0.000000000000000e+00 1.000000000000000e+00 
src volume info
valid = 1  # volume info valid
filename = /Volumes/CFMI-CFS/sync/FreeSurfer-Summer-Workshop/fs/sub.02.base.01t2/mri/norm_template.mgz
volume = 256 256 256
voxelsize = 1.000000000000000e+00 1.000000000000000e+00 1.000000000000000e+00
xras   = -1.000000000000000e+00 0.000000000000000e+00 0.000000000000000e+00
yras   = 0.000000000000000e+00 0.000000000000000e+00 -1.000000000000000e+00
zras   = 0.000000000000000e+00 1.000000000000000e+00 0.000000000000000e+00
cras   = 3.067422389984131e+00 2.245579338073730e+01 1.500986480712891e+01
dst volume info
valid = 1  # volume info valid
filename = /Volumes/CFMI-CFS/sync/FreeSurfer-Summer-Workshop/fs/sub.01.dh.01t2/mri/norm.mgz
volume = 256 256 256
voxelsize = 1.000000000000000e+00 1.000000000000000e+00 1.000000000000000e+00
xras   = -1.000000000000000e+00 0.000000000000000e+00 0.000000000000000e+00
yras   = 0.000000000000000e+00 0.000000000000000e+00 -1.000000000000000e+00
zras   = 0.000000000000000e+00 1.000000000000000e+00 0.000000000000000e+00
cras   = -1.698585510253906e+00 5.496084594726562e+01 3.365760803222656e+00
fscale 0.150000
