# transform file /Volumes/CFMI-CFS/sync/FreeSurfer-Summer-Workshop/fs/sub.01.dh.02/mri/transforms/cc_up.lta
# created by shad on Wed Jun 28 02:32:49 2017

type      = 0 # LINEAR_VOX_TO_VOX
nxforms   = 1
mean      = 128.0000 118.0000 104.0000
sigma     = 10000.0000
1 4 4
9.989382624626160e-01 -4.418409243226051e-02 -1.304678618907928e-02 6.641000270843506e+00 
4.418032616376877e-02 9.990234971046448e-01 -5.770239513367414e-04 2.658300209045410e+01 
1.305953972041607e-02 5.820766785236131e-11 9.999147057533264e-01 2.936276626586914e+01 
0.000000000000000e+00 0.000000000000000e+00 0.000000000000000e+00 1.000000000000000e+00 
src volume info
valid = 1  # volume info valid
filename = /Volumes/CFMI-CFS/sync/FreeSurfer-Summer-Workshop/fs/sub.01.dh.02/mri/norm.mgz
volume = 256 256 256
voxelsize = 1.000000000000000e+00 1.000000000000000e+00 1.000000000000000e+00
xras   = -1.000000000000000e+00 0.000000000000000e+00 0.000000000000000e+00
yras   = 0.000000000000000e+00 0.000000000000000e+00 -1.000000000000000e+00
zras   = 0.000000000000000e+00 1.000000000000000e+00 0.000000000000000e+00
cras   = -1.698585510253906e+00 5.121832275390625e+01 3.365760803222656e+00
dst volume info
valid = 1  # volume info valid
filename = /Volumes/CFMI-CFS/sync/FreeSurfer-Summer-Workshop/fs/sub.01.dh.02/mri/norm.mgz
volume = 256 256 256
voxelsize = 1.000000000000000e+00 1.000000000000000e+00 1.000000000000000e+00
xras   = -1.000000000000000e+00 0.000000000000000e+00 0.000000000000000e+00
yras   = 0.000000000000000e+00 0.000000000000000e+00 -1.000000000000000e+00
zras   = 0.000000000000000e+00 1.000000000000000e+00 0.000000000000000e+00
cras   = -1.698585510253906e+00 5.121832275390625e+01 3.365760803222656e+00
