# transform file /Users/seldamat/FreeSurfer-Summer-Workshop/fs/sub.01.dh.02.long.sub.01.base.03/mri/transforms/cc_up.lta
# created by seldamat on Sun Jul 23 10:39:37 2017

type      = 0 # LINEAR_VOX_TO_VOX
nxforms   = 1
mean      = 129.0000 132.0000 132.0000
sigma     = 10000.0000
1 4 4
9.950986504554749e-01 -9.615553170442581e-02 2.308699674904346e-02 1.011540889739990e+01 
9.612966328859329e-02 9.953663945198059e-01 2.230276353657246e-03 7.201160430908203e+00 
-2.319447323679924e-02 2.328306714094452e-10 9.997310638427734e-01 1.934015512466431e+00 
0.000000000000000e+00 0.000000000000000e+00 0.000000000000000e+00 1.000000000000000e+00 
src volume info
valid = 1  # volume info valid
filename = /Users/seldamat/FreeSurfer-Summer-Workshop/fs/sub.01.dh.02.long.sub.01.base.03/mri/norm.mgz
volume = 256 256 256
voxelsize = 1.000000000000000e+00 1.000000000000000e+00 1.000000000000000e+00
xras   = -1.000000000000000e+00 0.000000000000000e+00 0.000000000000000e+00
yras   = 0.000000000000000e+00 0.000000000000000e+00 -1.000000000000000e+00
zras   = 0.000000000000000e+00 1.000000000000000e+00 0.000000000000000e+00
cras   = 2.867434978485107e+00 2.218282127380371e+01 1.446899318695068e+01
dst volume info
valid = 1  # volume info valid
filename = /Users/seldamat/FreeSurfer-Summer-Workshop/fs/sub.01.dh.02.long.sub.01.base.03/mri/norm.mgz
volume = 256 256 256
voxelsize = 1.000000000000000e+00 1.000000000000000e+00 1.000000000000000e+00
xras   = -1.000000000000000e+00 0.000000000000000e+00 0.000000000000000e+00
yras   = 0.000000000000000e+00 0.000000000000000e+00 -1.000000000000000e+00
zras   = 0.000000000000000e+00 1.000000000000000e+00 0.000000000000000e+00
cras   = 2.867434978485107e+00 2.218282127380371e+01 1.446899318695068e+01
