type      = 0 # LINEAR_VOX_TO_VOX
nxforms   = 1
mean      = 128.0000 118.0000 104.0000
sigma     = 10000.0000
1 4 4
9.983640313148499e-01 -4.516383260488510e-02 3.506537526845932e-02 1.733345031738281e+00 
4.393648356199265e-02 9.984204769134521e-01 3.501727432012558e-02 -2.324235534667969e+01 
-3.659150004386902e-02 -3.341934084892273e-02 9.987713098526001e-01 -1.799472045898438e+01 
0.000000000000000e+00 0.000000000000000e+00 0.000000000000000e+00 1.000000000000000e+00 
src volume info
valid = 1  # volume info valid
filename = /Users/seldamat/FreeSurfer-Summer-Workshop/fs/sub.01.base.03/mri/norm_template.mgz
volume = 256 256 256
voxelsize = 1.000000000000000e+00 1.000000000000000e+00 1.000000000000000e+00
xras   = -1.000000000000000e+00 0.000000000000000e+00 0.000000000000000e+00
yras   = 0.000000000000000e+00 0.000000000000000e+00 -1.000000000000000e+00
zras   = 0.000000000000000e+00 1.000000000000000e+00 0.000000000000000e+00
cras   = 2.867434978485107e+00 2.218282127380371e+01 1.446899318695068e+01
dst volume info
valid = 1  # volume info valid
filename = /Users/seldamat/FreeSurfer-Summer-Workshop/fs/sub.01.dh.02/mri/norm.mgz
volume = 256 256 256
voxelsize = 1.000000000000000e+00 1.000000000000000e+00 1.000000000000000e+00
xras   = -1.000000000000000e+00 0.000000000000000e+00 0.000000000000000e+00
yras   = 0.000000000000000e+00 0.000000000000000e+00 -1.000000000000000e+00
zras   = 0.000000000000000e+00 1.000000000000000e+00 0.000000000000000e+00
cras   = -1.698585510253906e+00 5.121832275390625e+01 3.365760803222656e+00
fscale 0.150000
