type      = 0 # LINEAR_VOX_TO_VOX
nxforms   = 1
mean      = 132.0000 116.0000 121.0000
sigma     = 10000.0000
1 4 4
9.983640313148499e-01 4.393648356199265e-02 -3.659150004386902e-02 2.813644409179688e+00 
-4.516383260488510e-02 9.984204769134521e-01 -3.341934084892273e-02 -8.164749145507812e+00 
3.506537526845932e-02 3.501727432012558e-02 9.987713098526001e-01 -2.013198089599609e+01 
0.000000000000000e+00 0.000000000000000e+00 0.000000000000000e+00 1.000000000000000e+00 
src volume info
valid = 1  # volume info valid
filename = /Users/seldamat/FreeSurfer-Summer-Workshop/fs/sub.01.base.03/mri/norm_template.mgz
volume = 256 256 256
voxelsize = 1.000000000000000e+00 1.000000000000000e+00 1.000000000000000e+00
xras   = -1.000000000000000e+00 0.000000000000000e+00 0.000000000000000e+00
yras   = 0.000000000000000e+00 0.000000000000000e+00 -1.000000000000000e+00
zras   = 0.000000000000000e+00 1.000000000000000e+00 0.000000000000000e+00
cras   = 2.867434978485107e+00 2.218282127380371e+01 1.446899318695068e+01
dst volume info
valid = 1  # volume info valid
filename = /Users/seldamat/FreeSurfer-Summer-Workshop/fs/sub.01.bl.01/mri/norm.mgz
volume = 256 256 256
voxelsize = 1.000000000000000e+00 1.000000000000000e+00 1.000000000000000e+00
xras   = -1.000000000000000e+00 0.000000000000000e+00 0.000000000000000e+00
yras   = 0.000000000000000e+00 0.000000000000000e+00 -1.000000000000000e+00
zras   = 0.000000000000000e+00 1.000000000000000e+00 0.000000000000000e+00
cras   = 1.120566558837891e+01 3.151907348632812e+01 -6.270156860351562e+00
fscale 0.150000
