# transform file /Users/seldamat/FreeSurfer-Summer-Workshop/fs/sub.01.bl.01.long.sub.01.base.03/mri/transforms/cc_up.lta
# created by seldamat on Sun Jul 23 03:07:42 2017

type      = 0 # LINEAR_VOX_TO_VOX
nxforms   = 1
mean      = 129.0000 132.0000 132.0000
sigma     = 10000.0000
1 4 4
9.951894283294678e-01 -9.512066841125488e-02 2.345795370638371e-02 1.001506614685059e+01 
9.509425610303879e-02 9.954658150672913e-01 2.241499256342649e-03 6.320591449737549e+00 
-2.356480248272419e-02 0.000000000000000e+00 9.997224211692810e-01 9.816968441009521e-01 
0.000000000000000e+00 0.000000000000000e+00 0.000000000000000e+00 1.000000000000000e+00 
src volume info
valid = 1  # volume info valid
filename = /Users/seldamat/FreeSurfer-Summer-Workshop/fs/sub.01.bl.01.long.sub.01.base.03/mri/norm.mgz
volume = 256 256 256
voxelsize = 1.000000000000000e+00 1.000000000000000e+00 1.000000000000000e+00
xras   = -1.000000000000000e+00 0.000000000000000e+00 0.000000000000000e+00
yras   = 0.000000000000000e+00 0.000000000000000e+00 -1.000000000000000e+00
zras   = 0.000000000000000e+00 1.000000000000000e+00 0.000000000000000e+00
cras   = 2.867434978485107e+00 2.218282127380371e+01 1.446899318695068e+01
dst volume info
valid = 1  # volume info valid
filename = /Users/seldamat/FreeSurfer-Summer-Workshop/fs/sub.01.bl.01.long.sub.01.base.03/mri/norm.mgz
volume = 256 256 256
voxelsize = 1.000000000000000e+00 1.000000000000000e+00 1.000000000000000e+00
xras   = -1.000000000000000e+00 0.000000000000000e+00 0.000000000000000e+00
yras   = 0.000000000000000e+00 0.000000000000000e+00 -1.000000000000000e+00
zras   = 0.000000000000000e+00 1.000000000000000e+00 0.000000000000000e+00
cras   = 2.867434978485107e+00 2.218282127380371e+01 1.446899318695068e+01
