# transform file /Users/seldamat/FreeSurfer-Summer-Workshop/fs/sub.01.base.03/mri/transforms/sub.01.bl.01_to_sub.01.base.03.lta
# created by seldamat on Fri Jul 21 21:12:05 2017

type      = 1 # LINEAR_RAS_TO_RAS
nxforms   = 1
mean      = 132.0000 116.0000 121.0000
sigma     = 10000.0000
1 4 4
9.983639717102051e-01 -3.506537154316902e-02 -4.516383260488510e-02 -3.523986816406250e+00 
3.659150004386902e-02 9.987713694572449e-01 3.341933712363243e-02 1.320686340332031e+00 
4.393647983670235e-02 -3.501727804541588e-02 9.984204173088074e-01 2.703536987304688e+00 
0.000000000000000e+00 0.000000000000000e+00 0.000000000000000e+00 1.000000000000000e+00 
src volume info
valid = 1  # volume info valid
filename = /Users/seldamat/FreeSurfer-Summer-Workshop/fs/sub.01.bl.01/mri/norm.mgz
volume = 256 256 256
voxelsize = 1.000000000000000e+00 1.000000000000000e+00 1.000000000000000e+00
xras   = -1.000000000000000e+00 0.000000000000000e+00 0.000000000000000e+00
yras   = 0.000000000000000e+00 0.000000000000000e+00 -1.000000000000000e+00
zras   = 0.000000000000000e+00 1.000000000000000e+00 0.000000000000000e+00
cras   = 1.120566558837891e+01 3.151907348632812e+01 -6.270156860351562e+00
dst volume info
valid = 1  # volume info valid
filename = /Users/seldamat/FreeSurfer-Summer-Workshop/fs/sub.01.base.03/mri/norm_template.mgz
volume = 256 256 256
voxelsize = 1.000000000000000e+00 1.000000000000000e+00 1.000000000000000e+00
xras   = -1.000000000000000e+00 0.000000000000000e+00 0.000000000000000e+00
yras   = 0.000000000000000e+00 0.000000000000000e+00 -1.000000000000000e+00
zras   = 0.000000000000000e+00 1.000000000000000e+00 0.000000000000000e+00
cras   = 2.867434978485107e+00 2.218282127380371e+01 1.446899318695068e+01
