# transform file transforms/talairach.lta
# created by seldamat on Fri Jul 21 21:29:55 2017

type      = 0 # LINEAR_VOX_TO_VOX
nxforms   = 1
mean      = 128.0000 133.0000 131.0000
sigma     = 10000.0000
1 4 4
1.085531353950500e+00 -1.747239530086517e-01 2.536679431796074e-02 7.750863552093506e+00 
1.403499990701675e-01 1.153406381607056e+00 6.425226479768753e-02 -5.298894500732422e+01 
-3.386854380369186e-02 -5.830742418766022e-02 1.055826306343079e+00 -1.699916458129883e+01 
0.000000000000000e+00 0.000000000000000e+00 0.000000000000000e+00 1.000000000000000e+00 
src volume info
valid = 1  # volume info valid
filename = norm_template.mgz
volume = 256 256 256
voxelsize = 1.000000000000000e+00 1.000000000000000e+00 1.000000000000000e+00
xras   = -1.000000000000000e+00 0.000000000000000e+00 0.000000000000000e+00
yras   = 0.000000000000000e+00 0.000000000000000e+00 -1.000000000000000e+00
zras   = 0.000000000000000e+00 1.000000000000000e+00 0.000000000000000e+00
cras   = 2.867434978485107e+00 2.218282127380371e+01 1.446899318695068e+01
dst volume info
valid = 1  # volume info valid
filename = /Applications/freesurfer//average/RB_all_2016-05-10.vc700.gca
volume = 256 256 256
voxelsize = 1.000000000000000e+00 1.000000000000000e+00 1.000000000000000e+00
xras   = -1.000000000000000e+00 0.000000000000000e+00 0.000000000000000e+00
yras   = 0.000000000000000e+00 0.000000000000000e+00 -1.000000000000000e+00
zras   = 0.000000000000000e+00 1.000000000000000e+00 0.000000000000000e+00
cras   = 0.000000000000000e+00 0.000000000000000e+00 0.000000000000000e+00
