# transform file /Volumes/CFMI-CFS/sync/FreeSurfer-Summer-Workshop/fs/sub.01.base.02/mri/transforms/sub.01.bl.02_to_sub.01.base.02.lta
# created by shad on Thu Jun 29 10:08:46 2017

type      = 1 # LINEAR_RAS_TO_RAS
nxforms   = 1
mean      = 133.0000 122.0000 121.0000
sigma     = 10000.0000
1 4 4
9.984683394432068e-01 -3.410566598176956e-02 -4.356307536363602e-02 -3.426193237304688e+00 
3.557085990905762e-02 9.988117814064026e-01 3.331349045038223e-02 1.788185119628906e+00 
4.237513244152069e-02 -3.481204062700272e-02 9.984951019287109e-01 5.101776123046875e+00 
0.000000000000000e+00 0.000000000000000e+00 0.000000000000000e+00 1.000000000000000e+00 
src volume info
valid = 1  # volume info valid
filename = /Volumes/CFMI-CFS/sync/FreeSurfer-Summer-Workshop/fs/sub.01.bl.02/mri/norm.mgz
volume = 256 256 256
voxelsize = 1.000000000000000e+00 1.000000000000000e+00 1.000000000000000e+00
xras   = -1.000000000000000e+00 0.000000000000000e+00 0.000000000000000e+00
yras   = 0.000000000000000e+00 0.000000000000000e+00 -1.000000000000000e+00
zras   = 0.000000000000000e+00 1.000000000000000e+00 0.000000000000000e+00
cras   = 1.120566558837891e+01 3.151907348632812e+01 -6.270156860351562e+00
dst volume info
valid = 1  # volume info valid
filename = /Volumes/CFMI-CFS/sync/FreeSurfer-Summer-Workshop/fs/sub.01.base.02/mri/norm_template.mgz
volume = 256 256 256
voxelsize = 1.000000000000000e+00 1.000000000000000e+00 1.000000000000000e+00
xras   = -1.000000000000000e+00 0.000000000000000e+00 0.000000000000000e+00
yras   = 0.000000000000000e+00 0.000000000000000e+00 -1.000000000000000e+00
zras   = 0.000000000000000e+00 1.000000000000000e+00 0.000000000000000e+00
cras   = 2.417868137359619e+00 2.193244552612305e+01 1.204181194305420e+01
