type      = 0 # LINEAR_VOX_TO_VOX
nxforms   = 1
mean      = 128.0000 118.0000 104.0000
sigma     = 10000.0000
1 4 4
9.984683990478516e-01 -4.356307536363602e-02 3.410566598176956e-02 1.702980041503906e+00 
4.237513244152069e-02 9.984951615333557e-01 3.481204062700272e-02 -2.297160339355469e+01 
-3.557085990905762e-02 -3.331348672509193e-02 9.988117814064026e-01 -1.814641571044922e+01 
0.000000000000000e+00 0.000000000000000e+00 0.000000000000000e+00 1.000000000000000e+00 
src volume info
valid = 1  # volume info valid
filename = /Volumes/CFMI-CFS/sync/FreeSurfer-Summer-Workshop/fs/sub.01.base.02/mri/norm_template.mgz
volume = 256 256 256
voxelsize = 1.000000000000000e+00 1.000000000000000e+00 1.000000000000000e+00
xras   = -1.000000000000000e+00 0.000000000000000e+00 0.000000000000000e+00
yras   = 0.000000000000000e+00 0.000000000000000e+00 -1.000000000000000e+00
zras   = 0.000000000000000e+00 1.000000000000000e+00 0.000000000000000e+00
cras   = 2.417868137359619e+00 2.193244552612305e+01 1.204181194305420e+01
dst volume info
valid = 1  # volume info valid
filename = /Volumes/CFMI-CFS/sync/FreeSurfer-Summer-Workshop/fs/sub.01.dh.02/mri/norm.mgz
volume = 256 256 256
voxelsize = 1.000000000000000e+00 1.000000000000000e+00 1.000000000000000e+00
xras   = -1.000000000000000e+00 0.000000000000000e+00 0.000000000000000e+00
yras   = 0.000000000000000e+00 0.000000000000000e+00 -1.000000000000000e+00
zras   = 0.000000000000000e+00 1.000000000000000e+00 0.000000000000000e+00
cras   = -1.698585510253906e+00 5.121832275390625e+01 3.365760803222656e+00
fscale 0.150000
