type      = 1 # LINEAR_RAS_TO_RAS
nxforms   = 1
mean      = 0.0000 0.0000 0.0000
sigma     = 1.0000
1 4 4
1.117599964141846e+00 -7.564000040292740e-02 -1.639090031385422e-01 -5.548981189727783e+00 
9.989900141954422e-02 1.092632055282593e+00 1.255040019750595e-01 -4.614530944824219e+01 
1.494189947843552e-01 -1.059309989213943e-01 1.201820969581604e+00 -5.358596801757812e+00 
0.000000000000000e+00 0.000000000000000e+00 0.000000000000000e+00 1.000000000000000e+00 
src volume info
valid = 1  # volume info valid
filename = /Volumes/CFMI-CFS/sync/FreeSurfer-Summer-Workshop/fs/sub.01.bl.01/mri/orig_nu.mgz
volume = 256 256 256
voxelsize = 1.000000000000000e+00 1.000000000000000e+00 1.000000000000000e+00
xras   = -1.000000000000000e+00 0.000000000000000e+00 0.000000000000000e+00
yras   = 0.000000000000000e+00 0.000000000000000e+00 -1.000000000000000e+00
zras   = 0.000000000000000e+00 1.000000000000000e+00 0.000000000000000e+00
cras   = 1.120566558837891e+01 3.151907348632812e+01 -6.270156860351562e+00
dst volume info
valid = 1  # volume info valid
filename = /Volumes/CFMI-CFS/opt/fs6/average/mni305.cor.mgz
volume = 256 256 256
voxelsize = 1.000000000000000e+00 1.000000000000000e+00 1.000000000000000e+00
xras   = -1.000000000000000e+00 0.000000000000000e+00 0.000000000000000e+00
yras   = 0.000000000000000e+00 0.000000000000000e+00 -1.000000000000000e+00
zras   = 0.000000000000000e+00 1.000000000000000e+00 0.000000000000000e+00
cras   = 0.000000000000000e+00 0.000000000000000e+00 0.000000000000000e+00
subject fsaverage
fscale 0.100000
