type      = 1 # LINEAR_RAS_TO_RAS
nxforms   = 1
mean      = 0.0000 0.0000 0.0000
sigma     = 1.0000
1 4 4
1.129830002784729e+00 -3.119000000879169e-03 -5.907699838280678e-02 2.820343017578125e+00 
1.384000014513731e-02 1.101706981658936e+00 5.198099836707115e-02 -4.929541778564453e+01 
4.703100025653839e-02 -1.480100024491549e-02 1.216500997543335e+00 -1.166616821289062e+01 
0.000000000000000e+00 0.000000000000000e+00 0.000000000000000e+00 1.000000000000000e+00 
src volume info
valid = 1  # volume info valid
filename = /Volumes/CFMI-CFS/sync/FreeSurfer-Summer-Workshop/fs/sub.01.dh.02t2/mri/orig_nu.mgz
volume = 256 256 256
voxelsize = 1.000000000000000e+00 1.000000000000000e+00 1.000000000000000e+00
xras   = -1.000000000000000e+00 0.000000000000000e+00 0.000000000000000e+00
yras   = 0.000000000000000e+00 0.000000000000000e+00 -1.000000000000000e+00
zras   = 0.000000000000000e+00 1.000000000000000e+00 0.000000000000000e+00
cras   = -1.698585510253906e+00 5.121832275390625e+01 3.365760803222656e+00
dst volume info
valid = 1  # volume info valid
filename = /Volumes/CFMI-CFS/opt/fs6/average/mni305.cor.mgz
volume = 256 256 256
voxelsize = 1.000000000000000e+00 1.000000000000000e+00 1.000000000000000e+00
xras   = -1.000000000000000e+00 0.000000000000000e+00 0.000000000000000e+00
yras   = 0.000000000000000e+00 0.000000000000000e+00 -1.000000000000000e+00
zras   = 0.000000000000000e+00 1.000000000000000e+00 0.000000000000000e+00
cras   = 0.000000000000000e+00 0.000000000000000e+00 0.000000000000000e+00
subject fsaverage
fscale 0.100000
