# transform file /Volumes/CFMI-CFS/sync/FreeSurfer-Summer-Workshop/fs/sub.01.base.01/mri/transforms/cc_up.lta
# created by shad on Thu Jun 29 13:25:38 2017

type      = 0 # LINEAR_VOX_TO_VOX
nxforms   = 1
mean      = 128.0000 132.0000 131.0000
sigma     = 10000.0000
1 4 4
9.970279335975647e-01 -7.390346378087997e-02 2.175782807171345e-02 7.539922714233398e+00 
7.388586550951004e-02 9.972653388977051e-01 1.612388063222170e-03 8.845649719238281e+00 
-2.181749045848846e-02 -1.164153079491470e-10 9.997618794441223e-01 7.762696266174316e+00 
0.000000000000000e+00 0.000000000000000e+00 0.000000000000000e+00 1.000000000000000e+00 
src volume info
valid = 1  # volume info valid
filename = /Volumes/CFMI-CFS/sync/FreeSurfer-Summer-Workshop/fs/sub.01.base.01/mri/norm.mgz
volume = 256 256 256
voxelsize = 1.000000000000000e+00 1.000000000000000e+00 1.000000000000000e+00
xras   = -1.000000000000000e+00 0.000000000000000e+00 0.000000000000000e+00
yras   = 0.000000000000000e+00 0.000000000000000e+00 -1.000000000000000e+00
zras   = 0.000000000000000e+00 1.000000000000000e+00 0.000000000000000e+00
cras   = 3.067422389984131e+00 2.245579338073730e+01 1.500986480712891e+01
dst volume info
valid = 1  # volume info valid
filename = /Volumes/CFMI-CFS/sync/FreeSurfer-Summer-Workshop/fs/sub.01.base.01/mri/norm.mgz
volume = 256 256 256
voxelsize = 1.000000000000000e+00 1.000000000000000e+00 1.000000000000000e+00
xras   = -1.000000000000000e+00 0.000000000000000e+00 0.000000000000000e+00
yras   = 0.000000000000000e+00 0.000000000000000e+00 -1.000000000000000e+00
zras   = 0.000000000000000e+00 1.000000000000000e+00 0.000000000000000e+00
cras   = 3.067422389984131e+00 2.245579338073730e+01 1.500986480712891e+01
