# transform file /Volumes/CFMI-CFS/sync/FreeSurfer-Summer-Workshop/fs/sub.01.base.01/mri/transforms/sub.01.dh.01_to_sub.01.base.01.lta
# created by shad on Thu Jun 29 09:53:44 2017

type      = 1 # LINEAR_RAS_TO_RAS
nxforms   = 1
mean      = 127.0000 117.0000 99.0000
sigma     = 10000.0000
1 4 4
9.984273314476013e-01 3.550579771399498e-02 4.338444769382477e-02 3.059890747070312e+00 
-3.404384851455688e-02 9.988423585891724e-01 -3.398424386978149e-02 -1.727500915527344e+00 
-4.454086348414421e-02 3.245382383465767e-02 9.984802603721619e-01 -3.621154785156250e+00 
0.000000000000000e+00 0.000000000000000e+00 0.000000000000000e+00 1.000000000000000e+00 
src volume info
valid = 1  # volume info valid
filename = /Volumes/CFMI-CFS/sync/FreeSurfer-Summer-Workshop/fs/sub.01.dh.01/mri/norm.mgz
volume = 256 256 256
voxelsize = 1.000000000000000e+00 1.000000000000000e+00 1.000000000000000e+00
xras   = -1.000000000000000e+00 0.000000000000000e+00 0.000000000000000e+00
yras   = 0.000000000000000e+00 0.000000000000000e+00 -1.000000000000000e+00
zras   = 0.000000000000000e+00 1.000000000000000e+00 0.000000000000000e+00
cras   = -1.698585510253906e+00 5.496084594726562e+01 3.365760803222656e+00
dst volume info
valid = 1  # volume info valid
filename = /Volumes/CFMI-CFS/sync/FreeSurfer-Summer-Workshop/fs/sub.01.base.01/mri/norm_template.mgz
volume = 256 256 256
voxelsize = 1.000000000000000e+00 1.000000000000000e+00 1.000000000000000e+00
xras   = -1.000000000000000e+00 0.000000000000000e+00 0.000000000000000e+00
yras   = 0.000000000000000e+00 0.000000000000000e+00 -1.000000000000000e+00
zras   = 0.000000000000000e+00 1.000000000000000e+00 0.000000000000000e+00
cras   = 3.067422389984131e+00 2.245579338073730e+01 1.500986480712891e+01
